376588856
265084821
23962050
236184182
72531984
24642133
29223470
318119650
18117300
432503471
255874837
28682283
120907634
238639649
307236271
428471812
27865536
14856406
382881167
525009192
35483729
166226888
551424977
38398980
52064728
21023244
182384537
350581432
561570123
314194490
269396171
531341298
362036553
571164620
463866577
92096187
463101041
24581722
124207068
182555278
26415013
537023040
414379175
10617212
184009784
334143247
323051922
515749781
429662663
132023242
494876584
319887714
226281087
236428292
274564582
40107058
376605639
15434432
47240195
218481314
212304648
211549881
320078964
366623385
436359005
102700850
51132158
83509290
43721983
299055454
22503993
74184326
473913932
258982023
558064029
17437514
81619592
387352779
269183665
114892699
247207417
39467082
41998511
14402542
552312813
167843265
302080672
467056094
37988080
555297049
367929694
460865945
65787016
41803725
28030236
18034890
123325379
82599309
323458157
32527224
135970567
268574796
347575565
42548869
567839737
91433904
534903095
28383004
418160257
46929989
137129310
21794041
59497671
16208474
323046496
231131022
126668617
331073912
84292061
24380297
17021473
458842750
670183
238661725
133680257
26673449
437764937
262473156
18132380
431948106
230146197
47704541
23869224
71377873
13122602
18077485
128694336
431686129
24531882
243882571
45788357
521472251
298810769
314152471
71638157
31366271
295792664
71001382
308301944
474314763
14612770
29845630
541161721
511632621
41753392
501607251
15149421
156036244
59719213
523452325
16755730
390914646
223043376
280571460
422135945
19825454
252267898
30682370
22983603
14794227
393727456
303000345
310856963
25375288
116492600
162412249
498909753
19517144
444122249
179575414
559705005
90472024
19433531
301613453
21155094
18631905
387278890
195851362
227650256
439633681
66510814
363252865
360984302
83992266
275266761
317918830
10529322
458907264
285903023
265828682
416711194
342972103
78953890
410812290
198663469
308196814
273542042
17607555
292113488
269929337
27389309
194545506
133778323
415704099
32758668
543596845
16956955
19660027
360793567
559836901
17056433
540243271
111381659
31837911
561508037
473284812
315683240
360180000
405075563
120670159
363290140
93925165
107855068
440842091
292213126
113873693
24085023
66503915
24567720
78195931
36013699
528323711
267514506
167624536
348965564
491658518
491046681
67673224
16196213
15226997
376598571
252464637
23996697
468752990
389138003
464761017
296308247
469853729
29268820
412695634
414222990
21886218
67565990
219130407
22549939
197258780
229437238
73643253
530972928
33257203
301207326
256211349
19248549
397462495
143910935
174743916
22938337
542567479
248891140
262407905
331681568
523533880
417189779
34044997
14976636
527704403
314778563
104012010
17545050
557271463
45767604
16649362
10286932
29226377
69505362
446525984
291421323
278677675
282917582
545439353
310241213
20967825
422930446
61323
117220691
25789450
25565474
491372232
294838175
158276668
416370487
15974736
25211621
25250672
429974404
245624274
39074811
21184742
199394935
35887063
538207326
30520514
15740392
145168024
28818141
29680345
20599794
241253334
457628039
365219236
112171448
386994639
28573464
246347645
108667378
262729025
166642604
261115873
238087852
129223314
448421628
18397572
475131501
245820310
510013612
554053927
23953390
75214181
404110307
360335336
37060081
449768421
394203711
29095374
431855360
13586222
207357452
397120722
61031630
22616848
509179916
293894479
35787028
482199831
11951962
189549822
146240778
166804265
51163888
16918702
462295509
175328449
233458475
146230779
101373967
41302166
7621172
378273007
15139162
62218679
35912525
206830806
438566350
475301188
519036973
142043471
567388805
141786754
113781034
162362295
212973087
141405735
63105434
269485235
55792745
220264499
15448262
541318704
151259494
415323673
530004876
442928074
531821663
50086140
57760488
16446746
14885508
426260273
34140741
381876531
15339054
139545543
453881753
131456205
292361273
19157091
317374684
171220744
28627950
20540356
14049120
264956666
57190741
295212121
256628955
101238732
141161261
541140263
281683014
20910563
41039881
383135571
381283966
534722882
54073390
33877871
462587474
538418051
282271418
399766149
187795710
45948770
19943155
376563406
183230884
231931509
149185588
552816672
228663886
189307685
111233583
18831261
122232195
396640076
16132283
522388756
449527253
65381193
28226416
14821756
141766746
75537089
18160718
345007679
65648228
519613161
255393521
238786192
22389086
75674300
40327031
419653102
86462858
124932640
531633071
65508187
